%YAML:1.0
---
model_type: PINHOLE
camera_name: camera
image_width: 848
image_height: 480
distortion_parameters:
   k1: 0.0
   k2: 0.0
   p1: 0.0
   p2: 0.0
projection_parameters:
   fx: 426.2782287597656
   fy: 426.2782287597656
   cx: 428.44207763671875
   cy: 236.57391357421875
